kramp = read.csv(header=F, text="0.00,0.886226920000
0.01,0.876227240000
0.02,0.866229570000
0.03,0.856235900000
0.04,0.846248220000
0.05,0.836268530000
0.06,0.826298820000
0.07,0.816341060000
0.08,0.806397240000
0.09,0.796469320000
0.10,0.786559250000
0.11,0.776668970000
0.12,0.766800430000
0.13,0.756955550000
0.14,0.747136230000
0.15,0.737344360000
0.16,0.727581820000
0.17,0.717850470000
0.18,0.708152150000
0.19,0.698488690000
0.20,0.688861890000
0.21,0.679273500000
0.22,0.669725300000
0.23,0.660219020000
0.24,0.650756370000
0.25,0.641339030000
0.26,0.631968660000
0.27,0.622646890000
0.28,0.613375320000
0.29,0.604155520000
0.30,0.594989040000
0.31,0.585877390000
0.32,0.576822060000
0.33,0.567824500000
0.34,0.558886130000
0.35,0.550008330000
0.36,0.541192460000
0.37,0.532439830000
0.38,0.523751730000
0.39,0.515129410000
0.40,0.506574080000
0.41,0.498086920000
0.42,0.489669070000
0.43,0.481321630000
0.44,0.473045670000
0.45,0.464842220000
0.46,0.456712260000
0.47,0.448656760000
0.48,0.440676620000
0.49,0.432772720000
0.50,0.424945910000
0.51,0.417196970000
0.52,0.409526670000
0.53,0.401935720000
0.54,0.394424810000
0.55,0.386994580000
0.56,0.379645640000
0.57,0.372378540000
0.58,0.365193820000
0.59,0.358091960000
0.60,0.351073410000
0.61,0.344138570000
0.62,0.337287820000
0.63,0.330521500000
0.64,0.323839890000
0.65,0.317243260000
0.66,0.310731830000
0.67,0.304305790000
0.68,0.297965280000
0.69,0.291710420000
0.70,0.285541270000
0.71,0.279457890000
0.72,0.273460280000
0.73,0.267548420000
0.74,0.261722240000
0.75,0.255981660000
0.76,0.250326540000
0.77,0.244756730000
0.78,0.239272030000
0.79,0.233872230000
0.80,0.228557080000
0.81,0.223326290000
0.82,0.218179550000
0.83,0.213116530000
0.84,0.208136860000
0.85,0.203240150000
0.86,0.198425980000
0.87,0.193693900000
0.88,0.189043450000
0.89,0.184474130000
0.90,0.179985420000
0.91,0.175576780000
0.92,0.171247650000
0.93,0.166997450000
0.94,0.162825570000
0.95,0.158731390000
0.96,0.154714260000
0.97,0.150773520000
0.98,0.146908500000
0.99,0.143118490000
1.00,0.139402790000
1.01,0.135760660000
1.02,0.132191360000
1.03,0.128694140000
1.04,0.125268230000
1.05,0.121912830000
1.06,0.118627160000
1.07,0.115410410000
1.08,0.112261770000
1.09,0.109180410000
1.10,0.106165500000
1.11,0.103216190000
1.12,0.100331630000
1.13,0.097510960000
1.14,0.094753330000
1.15,0.092057860000
1.16,0.089423680000
1.17,0.086849900000
1.18,0.084335650000
1.19,0.081880040000
1.20,0.079482180000
1.21,0.077141180000
1.22,0.074856160000
1.23,0.072626210000
1.24,0.070450450000
1.25,0.068327982000
1.26,0.066257921000
1.27,0.064239873000
1.28,0.062271450000
1.29,0.060353266000
1.30,0.058483937000
1.31,0.056662583000
1.32,0.054888328000
1.33,0.053160300000
1.34,0.051477631000
1.35,0.049839458000
1.36,0.048244922000
1.37,0.046693173000
1.38,0.045183364000
1.39,0.043714655000
1.40,0.042286213000
1.41,0.040897212000
1.42,0.039546833000
1.43,0.038234264000
1.44,0.036958703000
1.45,0.035719353000
1.46,0.034515428000
1.47,0.033346149000
1.48,0.032210745000
1.49,0.031108456000
1.50,0.030038531000
1.51,0.029000227300
1.52,0.027992810300
1.53,0.027015557100
1.54,0.026067754400
1.55,0.025148698600
1.56,0.024257696000
1.57,0.023394063200
1.58,0.022557126200
1.59,0.021746222600
1.60,0.020960699700
1.61,0.020199915300
1.62,0.019463237600
1.63,0.018750045300
1.64,0.018059728000
1.65,0.017391685400
1.66,0.016745328000
1.67,0.016120077000
1.68,0.015515364000
1.69,0.014930631600
1.70,0.014365332600
1.71,0.013818929800
1.72,0.013290898200
1.73,0.012780721700
1.74,0.012287895200
1.75,0.011811923900
1.76,0.011352323000
1.77,0.010908618400
1.78,0.010480345900
1.79,0.010067051500
1.80,0.009668291000
1.81,0.009283630400
1.82,0.008912645200
1.83,0.008554920800
1.84,0.008210052200
1.85,0.007877644000
1.86,0.007557309900
1.87,0.007248673200
1.88,0.006951366000
1.89,0.006665029900
1.90,0.006389315100
1.91,0.006123880800
1.92,0.005868394600
1.93,0.005622533100
1.94,0.005385980800
1.95,0.005158430700
1.96,0.004939584100
1.97,0.004729150300
1.98,0.004526846200
1.99,0.004332396600
2.00,0.004145534690
2.01,0.003965998990
2.02,0.003793537350
2.03,0.003627904190
2.04,0.003468860930
2.05,0.003316175960
2.06,0.003169624410
2.07,0.003028987990
2.08,0.002894054920
2.09,0.002764619880
2.10,0.002640483580
2.11,0.002521452950
2.12,0.002407340830
2.13,0.002297965800
2.14,0.002193152260
2.15,0.002092730040
2.16,0.001996534340
2.17,0.001904405760
2.18,0.001816190000
2.19,0.001731737720
2.20,0.001650904550
2.21,0.001573550900
2.22,0.001499541750
2.23,0.001428746670
2.24,0.001361039620
2.25,0.001296298880
2.26,0.001234406840
2.27,0.001175249970
2.28,0.001118718730
2.29,0.001064707380
2.30,0.001013113930
2.31,0.000963839980
2.32,0.000916790670
2.33,0.000871874540
2.34,0.000829003440
2.35,0.000788092460
2.36,0.000749059780
2.37,0.000711826610
2.38,0.000676317080
2.39,0.000642458190
2.40,0.000610179650
2.41,0.000579413850
2.42,0.000550095780
2.43,0.000522162880
2.44,0.000495555030
2.45,0.000470214450
2.46,0.000446085620
2.47,0.000423115180
2.48,0.000401251890
2.49,0.000380446550
2.50,0.000360651920
2.51,0.000341822670
2.52,0.000323915300
2.53,0.000306888080
2.54,0.000290700990
2.55,0.000275315650
2.56,0.000260695280
2.57,0.000246804620
2.58,0.000233609890
2.59,0.000221078730
2.60,0.000209180150
2.61,0.000197884470
2.62,0.000187163390
2.63,0.000176989420
2.64,0.000167336860
2.65,0.000158180730
2.66,0.000149497230
2.67,0.000141263610
2.68,0.000133458130
2.69,0.000126060000
2.70,0.000119049370
2.71,0.000112407270
2.72,0.000106115580
2.73,0.000100157010
2.74,0.000094515050
2.75,0.000089173950
2.76,0.000084118670
2.77,0.000079334870
2.78,0.000074808880
2.79,0.000070527670
2.80,0.000066478800
2.81,0.000062650430
2.82,0.000059031280
2.83,0.000055610600
2.84,0.000052378150
2.85,0.000049324180
2.86,0.000046439420
2.87,0.000043715030
2.88,0.000041142620
2.89,0.000038714190
2.90,0.000036422140
2.91,0.000034259250
2.92,0.000032218640
2.93,0.000030293790
2.94,0.000028478490
2.95,0.000026766850
2.96,0.000025153270
2.97,0.000023632440
2.98,0.000022199320
2.99,0.000020849120
3.00,0.000019577290")
